  72  183006  18.502  -270.   -24.    12.    7.4   5.40
  72  183022  18.506  -276.   -28.     4.    7.4   5.42
  72  183038  18.511  -279.   -21.     0.    7.6   5.44
  72  183054  18.515  -284.   -21.   -16.    6.9   5.41
  72  183110  18.520  -272.    -3.     8.    6.4   5.40
  72  183126  18.524  -274.     3.    -2.    5.9   5.41
  72  183142  18.529  -276.    10.   -13.    6.5   5.41
  72  183158  18.533  -265.   -18.    11.    7.4   5.44
  72  183214  18.537  -266.   -29.    10.    7.2   5.43
  72  183230  18.542  -284.   -24.     4.    7.0   5.43
  72  183246  18.546  -277.   -34.   -11.    6.9   5.42
  72  183302  18.551  -288.   -21.    -9.    7.6   5.42
  72  183318  18.555  -284.   -18.     5.    7.5   5.45
  72  183334  18.560  -252.   -35.   -14.    6.2   5.38
  72  183350  18.564  -257.   -32.   -16.    6.0   5.39
  72  183406  18.569  -290.   -13.   -11.    6.5   5.40
  72  183422  18.573  -266.   -19.    13.    6.6   5.42
  72  183438  18.577  -251.   -29.     8.    6.7   5.43
  72  183454  18.582  -274.   -32.   -14.    7.2   5.47
  72  183510  18.586  -280.   -36.    -9.    7.0   5.42
  72  183526  18.591  -286.   -22.    -7.    7.1   5.42
  72  183542  18.595  -264.   -30.    16.    6.8   5.42
  72  183558  18.600  -279.    -3.    -1.    6.8   5.42
  72  183614  18.604  -272.   -27.     7.    7.0   5.43
  72  183630  18.608  -273.     3.     7.    5.3   5.41
  72  183646  18.613  -277.   -14.    15.    6.9   5.41
  72  183702  18.617  -279.   -34.    -4.    7.5   5.42
  72  183718  18.622  -275.   -31.    -2.    7.3   5.44
  72  183734  18.626  -277.   -34.     5.    7.5   5.41
  72  183750  18.631  -266.   -36.    15.    6.5   5.39
  72  183806  18.635  -265.     5.   -23.    6.3   5.44
  72  183822  18.640  -284.   -20.   -25.    7.7   5.45
  72  183838  18.644  -277.     0.   -29.    6.2   5.44
  72  183854  18.649  -270.   -26.    19.    7.5   5.42
  72  183910  18.653  -234.   -22.    31.    7.5   5.42
  72  183926  18.657  -262.     5.   -14.    7.2   5.46
  72  183942  18.662  -251.    -6.   -49.    6.8   5.45
  72  183958  18.666  -255.   -21.   -41.    7.0   5.47
  72  184014  18.671  -258.    -8.   -49.    7.1   5.42
  72  184030  18.675  -266.     7.   -26.    7.0   5.42
  72  184046  18.680  -278.   -18.    -2.    8.4   5.43
  72  184102  18.684  -274.   -31.     6.    7.3   5.44
  72  184118  18.688  -285.   -23.     3.    8.0   5.42
  72  184134  18.693  -293.   -24.    -9.    7.5   5.40
  72  184150  18.697  -281.   -28.    -3.    7.9   5.43
  72  184206  18.702  -282.   -34.   -23.    8.3   5.40
  72  184222  18.706  -283.   -17.   -33.    7.5   5.41
  72  184238  18.711  -267.     4.   -36.    7.0   5.44
  72  184254  18.715  -282.   -17.   -13.    7.8   5.44
  72  184310  18.720  -259.   -16.    20.    8.0   5.42
  72  184326  18.724  -264.   -17.    18.    7.9   5.43
  72  184342  18.728  -270.   -33.   -21.    8.1   5.45
  72  184358  18.733  -275.   -17.   -29.    8.1   5.46
  72  184414  18.737  -277.   -29.   -17.    8.2   5.44
  72  184430  18.742  -260.     9.   -22.    6.5   5.43
  72  184446  18.746  -259.   -21.     4.    9.3   5.49
  72  184502  18.751  -280.    -1.     0.    7.6   5.43
  72  184518  18.755  -281.   -27.   -25.    8.5   5.42
  72  184534  18.760  -277.   -30.     4.    8.0   5.41
  72  184550  18.764  -266.   -30.     5.    7.9   5.46
  72  184606  18.768  -268.     1.     5.    6.7   5.40
  72  184622  18.773  -272.     5.     5.    6.8   5.42
  72  184638  18.777  -274.   -15.     9.    7.8   5.43
  72  184654  18.782  -277.   -23.     8.    7.6   5.42
  72  184710  18.786  -275.   -27.     3.    8.1   5.45
  72  184726  18.791  -282.   -18.    -9.    7.6   5.43
  72  184742  18.795  -273.   -32.   -17.    7.3   5.44
  72  184758  18.800  -285.   -15.   -30.    7.0   5.44
  72  184814  18.804  -261.   -36.   -21.    7.1   5.44
  72  184830  18.808  -273.   -11.     2.    8.0   5.46
  72  184846  18.813  -255.    -9.    13.    7.8   5.44
  72  184902  18.817  -267.    -8.    10.    8.2   5.47
  72  184918  18.822  -264.   -23.   -10.    9.5   5.49
  72  184934  18.826  -249.   -37.   -26.    7.1   5.47
  72  184950  18.831  -258.   -35.   -14.    7.4   5.48
  72  185006  18.835  -262.    16.    10.    8.1   5.45
  72  185022  18.839  -283.   -28.    -5.    7.8   5.43
  72  185038  18.844  -284.   -23.     1.    8.2   5.45
  72  185054  18.848  -281.   -26.    -2.    7.8   5.43
  72  185110  18.853  -281.   -26.     3.    7.8   5.44
  72  185126  18.857  -286.   -25.    -3.    8.0   5.42
  72  185142  18.862  -288.     7.   -26.    7.5   5.44
  72  185158  18.866  -276.   -28.     2.    8.0   5.41
  72  190253  19.048  -272.   -15.     9.    8.6   5.46
  72  190309  19.053  -275.     1.    11.    7.5   5.47
  72  190325  19.057  -275.    11.     9.    7.3   5.47
  72  190341  19.062  -298.    20.   -25.    7.5   5.43
  72  190357  19.066  -290.   -12.    -8.    8.4   5.46
  72  190413  19.070  -290.   -25.   -22.    8.6   5.47
  72  190429  19.075  -269.   -22.    -8.    8.9   5.43
  72  190445  19.079  -271.   -26.   -13.    8.3   5.44
  72  190501  19.084  -261.   -23.    -7.    8.1   5.45
  72  190517  19.088  -257.   -24.    -5.    8.3   5.41
  72  190533  19.093  -270.   -20.    -2.    8.0   5.41
  72  190549  19.097  -270.   -13.     7.    8.0   5.44
  72  190605  19.102  -265.     2.    12.    7.8   5.44
  72  190621  19.106  -270.   -20.     0.    8.6   5.42
  72  190637  19.111  -271.   -13.     7.    8.3   5.43
  72  190653  19.115  -261.   -27.    -3.    8.0   5.45
  72  190709  19.119  -259.   -22.    -5.    8.0   5.44
  72  190725  19.124  -257.   -20.    -2.    8.3   5.42
  72  190741  19.128  -263.   -15.    -1.    9.1   5.44
  72  190757  19.133  -256.   -18.    -7.    8.4   5.41
  72  190813  19.137  -261.   -14.   -10.    8.6   5.43
  72  190829  19.142  -256.   -21.    -2.    8.8   5.41
  72  190845  19.146  -254.   -20.    -2.    8.4   5.43
  72  190901  19.150  -266.   -18.    -4.    8.7   5.42
  72  190917  19.155  -271.   -14.     2.    8.4   5.43
  72  190933  19.159  -256.    -8.     5.    8.0   5.43
  72  190949  19.164  -280.   -11.     4.    8.5   5.42
  72  191005  19.168  -271.    -9.     6.    8.6   5.44
  72  191021  19.173  -274.    -3.     5.    7.9   5.44
  72  191037  19.177  -264.    -7.     3.    7.9   5.42
  72  191053  19.182  -257.   -17.    -8.    8.1   5.41
  72  191109  19.186  -271.   -18.    -8.    8.3   5.42
  72  191125  19.190  -261.   -12.    -1.    8.1   5.46
  72  191141  19.195  -268.    -8.    -4.    8.0   5.43
  72  191157  19.199  -263.    -8.     1.    8.2   5.42
  72  191213  19.204  -258.   -18.     0.    8.1   5.43
  72  191229  19.208  -258.    -7.     3.    7.5   5.44
  72  191245  19.213  -255.   -14.    -2.    8.0   5.46
  72  191301  19.217  -257.   -16.    -7.    7.8   5.44
  72  191317  19.221  -264.   -12.    -6.    7.5   5.42
  72  191333  19.226  -278.   -23.   -14.    8.1   5.45
  72  191349  19.230  -273.   -20.    -7.    7.7   5.46
  72  191405  19.235  -273.   -19.    -8.    7.3   5.44
  72  191421  19.239  -272.   -17.    -4.    7.1   5.45
  72  191437  19.244  -269.     0.    -8.    7.3   5.43
  72  191453  19.248  -278.    -6.    -8.    6.7   5.42
  72  191509  19.253  -274.    -3.    -6.    6.9   5.45
  72  191525  19.257  -279.    -6.   -11.    7.0   5.43
  72  191541  19.262  -286.    -6.   -18.    7.5   5.41
  72  191557  19.266  -280.    -7.   -21.    6.9   5.40
  72  191613  19.270  -283.     5.   -14.    6.5   5.42
  72  191629  19.275  -276.    -2.    -6.    7.2   5.43
  72  191645  19.279  -274.    -7.   -12.    7.5   5.43
  72  191701  19.284  -279.   -14.    -9.    7.0   5.43
  72  191717  19.288  -277.    -5.    -9.    6.4   5.42
  72  191733  19.293  -278.    -2.   -10.    6.2   5.41
  72  191749  19.297  -278.    -1.   -10.    6.1   5.42
  72  191805  19.301  -285.    -9.   -10.    5.8   5.42
  72  191821  19.306  -287.    -5.   -12.    6.3   5.44
  72  191837  19.310  -291.    -5.    -8.    6.9   5.44
  72  191853  19.315  -275.     1.   -13.    6.0   5.46
  72  191909  19.319  -282.     2.   -14.    6.1   5.46
  72  191925  19.324  -296.    -7.    -9.    6.4   5.44
  72  191941  19.328  -284.    -1.   -11.    6.2   5.44
  72  191957  19.333  -289.    16.   -20.    6.6   5.43
  72  192013  19.337  -287.     6.   -11.    6.6   5.45
  72  192029  19.341  -290.    18.   -11.    6.9   5.45
  72  192045  19.346  -292.    16.    -8.    6.9   5.44
  72  192101  19.350  -290.     4.   -17.    7.4   5.43
  72  192117  19.355  -275.     0.   -22.    7.2   5.43
  72  192133  19.359  -273.    -7.   -25.    8.1   5.45
  72  192149  19.364  -269.     0.   -33.    7.6   5.44
  72  192205  19.368  -275.     6.   -17.    6.4   5.41
  72  192221  19.373  -259.     7.    47.    7.0   5.41
  72  192237  19.377  -253.    22.    54.    5.9   5.39
  72  192253  19.381  -240.    30.    46.    5.2   5.37
  72  192309  19.386  -226.    28.    58.    5.1   5.42
  72  192325  19.390  -217.    -2.    38.    5.9   5.38
  72  192341  19.395  -214.   -26.    13.    5.5   5.48
  72  192357  19.399  -235.   -19.    10.    9.5   5.49
  72  192413  19.404  -261.   -11.     0.   10.8   5.55
  72  192429  19.408  -265.    25.    14.    8.4   5.52
  72  192445  19.413  -284.     7.    -3.    7.6   5.54
  72  192501  19.417  -286.    10.     1.    7.3   5.48
  72  192517  19.421  -270.     8.    29.    7.9   5.54
  72  192532  19.426  -267.    21.    32.    9.4   5.55
  72  192549  19.430  -248.    37.    27.    8.0   5.52
  72  192605  19.435  -236.    16.     8.    8.9   5.51
  72  192621  19.439  -279.    -8.    -5.   10.3   5.52
  72  192637  19.444  -254.     3.    33.   11.4   5.59
  72  192653  19.448  -271.     4.     6.    9.4   5.51
  72  192708  19.452  -277.     7.    20.    9.1   5.48
  72  192724  19.457  -278.    25.   -14.    9.9   5.50
  72  192741  19.461  -287.    18.   -15.    9.8   5.50
  72  192757  19.466  -267.    13.     2.   10.8   5.52
  72  192813  19.470  -263.    38.     7.    9.7   5.50
  72  192829  19.475  -280.    33.    -2.    9.4   5.51
  72  192844  19.479  -274.    37.     1.    9.4   5.53
  72  192900  19.484  -275.    29.    10.    8.8   5.51
  72  192916  19.488  -264.    36.     5.    8.6   5.49
  72  192933  19.493  -255.    56.    11.    8.8   5.51
  72  192949  19.497  -256.    55.     9.    8.2   5.46
  72  193004  19.501  -251.    52.     9.    9.7   5.52
  72  193020  19.506  -250.    41.     4.    9.3   5.53
  72  193036  19.510  -240.    29.     7.   10.7   5.56
  72  193052  19.515  -250.    34.    14.   10.7   5.56
  72  193109  19.519  -239.    52.     0.    8.7   5.56
  72  193125  19.524  -236.    63.    -7.    7.7   5.56
  72  193140  19.528  -227.    78.   -14.    7.7   5.62
  72  193156  19.532  -224.    34.    -5.    9.0   5.57
  72  193212  19.537  -222.   -14.    25.   13.1   5.55
  72  193244  19.546  -226.    32.    15.   12.8   5.56
  72  193301  19.550  -264.    71.    -9.   14.0   5.62
  72  193316  19.555  -230.    54.     8.   11.1   5.52
  72  193348  19.564  -227.    54.   -12.    9.5   5.55
  72  193404  19.568  -236.    45.   -10.    9.6   5.54
  72  193420  19.572  -232.    50.   -18.   10.1   5.56
  72  193436  19.577  -234.    47.   -13.   10.5   5.56
  72  193452  19.581  -222.    38.     7.    8.9   5.53
  72  193508  19.586  -231.    48.     6.    9.9   5.53
  72  193524  19.590  -234.    43.   -11.    9.4   5.51
  72  193556  19.599  -214.    39.    19.    9.1   5.56
  72  193612  19.604  -223.    48.     6.    9.2   5.56
  72  193628  19.608  -234.    47.     2.    9.3   5.56
  72  193644  19.612  -219.    59.   -22.    8.4   5.56
  72  193716  19.621  -208.    17.    17.   10.2   5.59
  72  193732  19.626  -185.    23.    21.    7.8   5.52
  72  193748  19.630  -204.    20.    33.   10.1   5.54
  72  193804  19.635  -176.    29.    35.    8.7   5.56
  72  193820  19.639  -186.    38.    23.    8.3   5.65
  72  193836  19.644  -214.     0.    -9.    9.6   5.63
  72  193852  19.648  -187.    40.   -39.   10.1   5.63
  72  193908  19.652  -210.     8.     1.   11.6   5.64
  72  193924  19.657  -239.    93.   -10.    8.4   5.65
  72  193940  19.661  -236.    85.   -17.    9.2   5.63
  72  193956  19.666  -219.    72.   -25.   10.6   5.63
  72  194012  19.670  -240.    26.   -25.   12.3   5.60
  72  194028  19.675  -237.    21.   -24.   12.0   5.55
  72  194044  19.679  -250.    39.   -41.   10.8   5.62
  72  194100  19.683  -257.    25.   -30.   13.4   5.64
  72  194116  19.688  -265.    32.     5.   12.9   5.60
  72  194132  19.692  -241.    48.    43.   12.8   5.64
  72  194148  19.697  -243.    53.   -25.   11.9   5.62
  72  194204  19.701  -237.    37.    42.   14.8   5.71
  72  194220  19.706  -232.    53.   -15.    9.8   5.71
  72  194236  19.710  -213.    30.    -1.   10.9   5.76
  72  194252  19.715  -238.    51.    -6.   14.0   5.72
  72  194308  19.719  -235.    58.   -14.   15.0   5.72
  72  194324  19.724  -244.    73.   -20.   13.6   5.71
  72  194340  19.728  -220.    75.   -24.   13.2   5.74
  72  194356  19.732  -228.    70.     1.   13.3   5.72
  72  194412  19.737  -239.    77.    35.   13.1   5.73
  72  194428  19.741  -226.    29.    28.   12.9   5.70
  72  194444  19.746  -225.    51.    32.   10.6   5.75
  72  194516  19.755  -211.    73.   -24.   11.5   5.78
  72  194532  19.759  -204.    78.   -29.   12.4   5.75
  72  194604  19.768  -198.    52.    14.   12.7   5.77
  72  194620  19.772  -222.    67.   -16.   12.7   5.76
  72  194636  19.777  -229.    68.    -5.   13.3   5.76
  72  194652  19.781  -214.    70.    -3.   13.0   5.78
  72  194708  19.786  -200.    67.    -9.   11.1   5.76
  72  194724  19.790  -192.    68.   -11.   10.6   5.68
  72  194740  19.795  -203.    50.   -18.    6.8   5.52
  72  194756  19.799  -213.    13.     6.    8.5   5.56
  72  194812  19.803  -228.    18.     6.   11.7   5.63
  72  194828  19.808  -219.    14.     5.   11.8   5.63
  72  194844  19.812  -238.     2.     5.   13.5   5.64
  72  194900  19.817  -235.    25.   -19.   13.4   5.66
  72  194916  19.821  -232.    13.   -14.   11.7   5.64
  72  194932  19.826  -233.     3.   -19.   12.2   5.51
  72  194948  19.830  -246.   -11.   -30.   10.5   5.48
  72  195004  19.835  -248.     9.   -20.   12.7   5.59
  72  195036  19.843  -218.    21.   -18.    9.5   5.56
  72  195052  19.848  -231.    37.    -5.   10.6   5.60
  72  195108  19.852  -241.    25.    -3.    9.0   5.62
  72  195140  19.861  -231.    24.    13.    9.0   5.59
  72  195156  19.866  -231.    -1.     9.   14.2   5.60
  72  195228  19.875  -231.    24.     3.   12.6   5.55
  72  195244  19.879  -225.    34.    -3.   11.9   5.56
  72  195300  19.883  -223.    28.     2.   11.2   5.59
  72  195316  19.888  -230.    30.     4.   11.4   5.55
  72  195332  19.892  -241.    43.   -12.   11.5   5.56
  72  195348  19.897  -231.    23.   -19.    9.8   5.63
  72  195404  19.901  -241.    31.   -15.   12.1   5.59
  72  195420  19.906  -233.    35.   -22.   11.4   5.60
  72  195436  19.910  -220.    40.   -28.   10.8   5.66
  72  195452  19.914  -228.    49.   -30.   10.1   5.63
  72  195508  19.919  -216.    51.   -19.   10.5   5.66
  72  195524  19.923  -227.    41.   -32.   11.4   5.63
  72  195540  19.928  -201.    36.   -12.   11.9   5.69
  72  195556  19.932  -207.    37.   -19.   12.2   5.71
  72  195612  19.937  -212.    41.   -11.   11.9   5.70
  72  195628  19.941  -210.    40.    -7.   13.4   5.68
  72  195644  19.946  -193.    53.   -13.   10.8   5.66
  72  195659  19.950  -213.    38.    -6.   12.1   5.66
  72  195715  19.954  -221.    23.   -10.   12.5   5.62
  72  195732  19.959  -221.    34.    -9.   11.9   5.63
  72  195748  19.963  -203.    71.     0.   10.7   5.74
  72  195804  19.968  -221.    36.     4.   11.6   5.67
  72  195820  19.972  -212.    32.     0.   12.9   5.69
  72  195835  19.977  -221.    28.     6.   11.3   5.71
  72  195851  19.981  -232.    40.     7.   13.0   5.72
  72  195907  19.986  -195.    57.   -23.   12.2   5.72
  72  195924  19.990  -208.    59.   -20.   12.1   5.75
  72  195940  19.994  -192.    37.   -20.   11.8   5.73
  72  195956  19.999  -210.    51.   -13.   12.9   5.73
  72  200011  20.003  -203.    54.   -29.   11.5   5.70
  72  200027  20.008  -214.    40.    -5.   12.7   5.73
  72  200043  20.012  -205.    60.   -10.   10.9   5.75
  72  200100  20.017  -201.    56.     4.   11.3   5.75
  72  200116  20.021  -203.    57.   -20.   11.7   5.75
  72  200132  20.026  -210.    49.   -14.   10.0   5.76
  72  200147  20.030  -213.    52.     1.   12.1   5.75
  72  200203  20.034  -203.    45.   -16.   11.2   5.73
  72  200219  20.039  -203.    38.     4.   12.6   5.76
  72  200235  20.043  -194.    43.     2.   12.2   5.71
  72  200252  20.048  -205.    39.     0.   12.5   5.72
  72  200307  20.052  -200.    49.   -11.   12.1   5.74
  72  200323  20.057  -200.    45.     9.   13.1   5.72
  72  200339  20.061  -234.    57.   -33.   12.9   5.71
  72  200355  20.065  -230.    39.    -8.   13.6   5.68
  72  200411  20.070  -243.    56.    -6.   12.9   5.71
  72  200428  20.074  -228.    48.    -3.   14.7   5.71
  72  200443  20.079  -226.    48.    -3.   13.2   5.71
  72  200459  20.083  -217.    43.     8.   12.6   5.71
  72  200515  20.088  -222.    51.   -15.   14.1   5.75
  72  200531  20.092  -221.    32.    -4.   13.4   5.72
  72  200547  20.097  -214.    39.    11.   12.1   5.70
  72  200603  20.101  -201.    46.     9.   12.0   5.70
  72  200619  20.106  -187.    64.    -4.   12.3   5.72
  72  200635  20.110  -198.    59.   -25.   10.2   5.73
  72  200651  20.114  -229.    45.   -25.   12.5   5.68
  72  200707  20.119  -231.    46.    -8.   12.5   5.71
  72  200723  20.123  -215.    42.    -1.   13.0   5.72
  72  200739  20.128  -214.    39.   -17.   11.8   5.69
  72  200755  20.132  -194.    36.    26.   10.6   5.71
  72  200811  20.137  -200.    32.     8.    9.8   5.71
  72  200827  20.141  -198.    45.     3.   11.2   5.67
  72  200843  20.145  -213.    46.   -13.   11.1   5.68
  72  200859  20.150  -197.    45.   -12.    9.7   5.71
  72  200915  20.154  -203.    46.    19.    9.6   5.68
  72  200931  20.159  -197.    67.    26.   10.2   5.73
  72  200947  20.163  -192.    79.    12.   11.1   5.70
  72  201003  20.168  -218.    56.   -19.   10.3   5.68
  72  201019  20.172  -220.    44.    -2.   11.0   5.66
  72  201035  20.177  -211.    50.   -14.   10.1   5.66
  72  201051  20.181  -199.    64.    -5.    8.6   5.70
  72  201107  20.185  -201.    69.    -1.    9.1   5.70
  72  201123  20.190  -203.    83.   -11.    9.0   5.69
  72  201139  20.194  -208.    66.    -3.    8.8   5.70
  72  201155  20.199  -210.    79.    -7.   10.3   5.73
  72  201211  20.203  -205.    77.    -1.   10.6   5.72
  72  201227  20.208  -204.    77.   -13.   10.5   5.72
  72  201243  20.212  -203.    78.   -19.   10.8   5.73
  72  201259  20.217  -197.    79.   -20.   10.7   5.71
  72  201315  20.221  -206.    67.    -5.   10.7   5.75
  72  201331  20.225  -195.    74.    -2.    9.9   5.74
  72  201347  20.230  -197.    62.     1.   10.4   5.73
  72  201403  20.234  -202.    79.    -7.   11.0   5.71
  72  201419  20.239  -206.    86.    11.   10.3   5.72
  72  201435  20.243  -212.    75.    15.    9.7   5.73
  72  201451  20.248  -201.    45.     8.   10.2   5.66
  72  201507  20.252  -186.    27.    -9.    9.6   5.67
  72  201523  20.257  -179.    43.     3.    8.7   5.68
  72  201539  20.261  -185.    39.     6.    9.2   5.65
  72  201555  20.265  -183.    45.   -30.    9.3   5.66
  72  201611  20.270  -191.    49.   -26.   10.5   5.70
  72  201627  20.274  -206.    48.    -2.   11.5   5.67
  72  201643  20.279  -199.    40.    16.   11.2   5.69
  72  201659  20.283  -177.    48.     9.    9.7   5.70
  72  201715  20.288  -163.    52.     5.    8.8   5.69
  72  201731  20.292  -163.    48.    -1.    9.8   5.71
  72  201747  20.296  -169.    53.     5.    8.6   5.72
  72  201803  20.301  -186.    61.    -2.   10.0   5.72
  72  201835  20.310  -183.    65.     4.    9.9   5.74
  72  201851  20.314  -184.    60.     0.   10.6   5.73
  72  201907  20.319  -179.    59.     9.    9.5   5.76
  72  201923  20.323  -178.    62.    -2.    9.0   5.75
  72  201939  20.328  -183.    64.    -8.   10.0   5.71
  72  202011  20.336  -189.    60.    -7.    8.8   5.72
  72  202043  20.345  -188.    77.    -3.    7.1   5.62
  72  202059  20.350  -197.    48.    -7.    7.1   5.69
  72  202115  20.354  -200.    45.    -2.    8.2   5.71
  72  202131  20.359  -202.    35.     0.    8.6   5.74
  72  202147  20.363  -200.    58.    -3.   10.6   5.65
  72  202203  20.368  -195.    56.    -7.    9.5   5.68
  72  202219  20.372  -203.    45.     8.   10.4   5.66
  72  202235  20.376  -205.    38.     5.   10.9   5.65
  72  202251  20.381  -206.    40.     2.   10.7   5.64
  72  202307  20.385  -203.    42.     3.   10.3   5.69
  72  202323  20.390  -202.    48.     3.   10.6   5.70
  72  202339  20.394  -200.    46.     4.   11.0   5.70
  72  202355  20.399  -193.    52.    10.   10.1   5.71
  72  202411  20.403  -201.    44.     8.   10.5   5.72
  72  202427  20.408  -194.    45.     9.   10.0   5.71
  72  202443  20.412  -195.    45.    12.   10.8   5.71
  72  202459  20.416  -205.    25.    -2.   10.4   5.74
  72  202515  20.421  -204.    24.    -4.   11.4   5.74
  72  202531  20.425  -206.    23.    -6.   10.0   5.71
  72  202547  20.430  -199.     6.    12.   11.7   5.67
  72  202603  20.434  -209.    11.     1.   12.0   5.71
  72  202619  20.439  -199.    12.     5.   12.9   5.71
  72  202635  20.443  -208.     4.    -6.   14.8   5.72
  72  202706  20.452  -211.    51.   -22.   14.8   5.74
  72  202723  20.456  -230.    31.    -9.   15.6   5.73
  72  202739  20.461  -225.    10.    18.   16.1   5.72
  72  202755  20.465  -224.    26.    -3.   15.5   5.73
  72  202811  20.470  -227.    30.     1.   16.0   5.73
  72  202827  20.474  -227.    29.    -9.   16.5   5.72
  72  202842  20.479  -226.    62.    -6.   13.9   5.73
  72  202859  20.483  -228.    39.    -9.   14.4   5.73
  72  202931  20.492  -216.    25.    -6.   14.2   5.73
  72  202947  20.496  -208.    49.   -15.   15.4   5.73
  72  203002  20.501  -208.    13.    10.   16.6   5.75
  72  203034  20.510  -200.    25.   -10.   15.7   5.80
  72  203051  20.514  -206.    39.    -7.   15.8   5.78
  72  203107  20.519  -214.    29.    32.   16.3   5.73
  72  203123  20.523  -224.    41.    26.   15.2   5.74
  72  203138  20.527  -210.    25.    12.   16.2   5.73
  72  203210  20.536  -212.    25.    28.   16.7   5.77
  72  203226  20.541  -218.    49.     7.   15.5   5.79
  72  203243  20.545  -226.    49.    25.   16.0   5.78
  72  203259  20.550  -221.    46.     0.   16.1   5.76
  72  203314  20.554  -201.    29.    13.   15.6   5.79
  72  203330  20.559  -208.    25.    -5.   16.9   5.79
  72  203346  20.563  -215.    43.   -12.   16.4   5.81
  72  203402  20.567  -216.    45.   -12.   15.9   5.77
  72  203419  20.572  -213.    24.    -4.   16.6   5.75
  72  203450  20.581  -206.    18.     7.   16.9   5.79
  72  203506  20.585  -218.    35.   -12.   16.6   5.80
  72  203522  20.590  -226.    23.     9.   16.9   5.78
  72  203538  20.594  -219.    28.    -1.   16.2   5.79
  72  203554  20.599  -211.    34.    -4.   16.1   5.81
  72  203610  20.603  -220.    34.     0.   15.9   5.81
  72  203626  20.607  -224.    36.     7.   16.3   5.80
  72  203642  20.612  -217.    25.    15.   15.0   5.77
  72  203658  20.616  -215.    38.     1.   15.2   5.71
  72  203714  20.621  -226.    38.     3.   14.6   5.66
  72  203730  20.625  -234.    28.    19.   15.1   5.66
  72  203746  20.630  -227.    34.    -1.   14.4   5.66
  72  203802  20.634  -223.    50.     9.   13.9   5.69
  72  203818  20.639  -230.    34.     8.   16.1   5.67
  72  203834  20.643  -222.    43.    -6.   15.2   5.66
  72  203850  20.647  -226.    52.   -17.   13.8   5.64
  72  203906  20.652  -227.    43.   -15.   15.6   5.68
  72  203922  20.656  -223.    21.   -12.   18.7   5.64
  72  203938  20.661  -226.    18.   -20.   15.6   5.62
  72  203954  20.665  -227.    18.   -23.   16.1   5.61
  72  204010  20.670  -235.     9.   -16.   17.1   5.60
  72  204026  20.674  -221.    32.   -22.   16.1   5.62
  72  204042  20.679  -228.    25.   -17.   16.1   5.65
  72  204058  20.683  -226.    15.   -29.   16.2   5.65
  72  204114  20.687  -214.    14.   -23.   17.1   5.66
  72  204130  20.692  -214.     6.   -21.   18.1   5.67
  72  204146  20.696  -211.     5.   -17.   18.4   5.66
  72  204202  20.701  -202.    14.   -31.   16.8   5.66
  72  204218  20.705  -219.     4.    -6.   17.7   5.63
  72  204234  20.710  -220.    20.   -32.   17.4   5.66
  72  204250  20.714  -216.    33.   -17.   16.9   5.67
  72  204306  20.719  -222.    29.   -23.   17.8   5.68
  72  204322  20.723  -225.    23.   -13.   17.6   5.67
  72  204338  20.727  -228.    27.   -10.   18.2   5.68
  72  204354  20.732  -223.    32.   -21.   18.2   5.68
  72  204410  20.736  -220.    23.   -23.   21.2   5.93
  72  204442  20.745  -223.    17.   -28.   20.2   5.66
  72  204458  20.750  -228.    25.   -23.   20.5   5.68
  72  204514  20.754  -225.    16.   -33.   19.9   5.65
  72  204530  20.758  -225.    25.   -29.   21.8   5.69
  72  204546  20.763  -231.    18.   -22.   22.7   5.71
  72  204602  20.767  -231.    22.   -26.   19.7   5.65
  72  204618  20.772  -223.    24.   -24.   21.8   5.70
  72  204634  20.776  -218.    30.   -33.   19.9   5.67
  72  204650  20.781  -229.    20.   -40.   20.3   5.68
  72  204706  20.785  -227.    41.   -34.   19.2   5.70
  72  204722  20.790  -222.    41.   -23.   18.9   5.70
  72  204738  20.794  -218.    18.   -34.   17.8   5.68
  72  204754  20.798  -226.    25.   -21.   19.5   5.69
  72  204810  20.803  -225.    28.   -30.   17.8   5.72
  72  204826  20.807  -228.    31.   -37.   17.7   5.71
  72  204842  20.812  -220.    22.   -29.   16.4   5.71
  72  204858  20.816  -221.    22.   -22.   16.8   5.71
  72  204914  20.821  -231.    29.   -11.   16.8   5.68
  72  204930  20.825  -234.    32.    -4.   16.4   5.70
  72  204946  20.830  -229.    35.    -4.   15.7   5.69
  72  205002  20.834  -226.    30.     1.   16.9   5.69
  72  205018  20.838  -228.    29.    -2.   17.2   5.70
  72  205034  20.843  -217.    35.   -11.   17.5   5.71
  72  205050  20.847  -225.    28.   -11.   18.0   5.72
  72  205106  20.852  -225.    36.   -11.   17.5   5.72
  72  205122  20.856  -222.    32.     4.   16.2   5.73
  72  205138  20.861  -220.    29.    -2.   16.9   5.72
  72  205154  20.865  -211.    40.    -3.   15.4   5.70
  72  205210  20.870  -227.    20.    -7.   17.0   5.69
  72  205226  20.874  -221.    27.     0.   17.2   5.71
  72  205242  20.878  -217.    34.    15.   16.6   5.70
  72  205258  20.883  -214.    42.    12.   16.4   5.70
  72  205314  20.887  -215.    47.    12.   15.4   5.71
  72  205330  20.892  -223.    41.    -4.   15.0   5.69
  72  205346  20.896  -211.    24.     1.   17.2   5.71
  72  205402  20.901  -206.    24.     8.   17.0   5.70
  72  205418  20.905  -207.    38.     8.   16.6   5.71
  72  205450  20.914  -196.    44.     8.   14.7   5.72
  72  205522  20.923  -200.    40.   -12.   16.7   5.74
  72  205538  20.927  -209.    35.     2.   18.3   5.72
  72  205554  20.932  -221.    33.   -14.   17.1   5.72
  72  205610  20.936  -223.    58.   -14.   16.2   5.73
  72  205626  20.941  -211.    35.   -23.   17.3   5.72
  72  205642  20.945  -212.    32.   -14.   15.8   5.73
  72  205657  20.949  -214.    33.   -13.   17.5   5.76
  72  205714  20.954  -212.    36.   -10.   17.6   5.75
  72  205746  20.963  -215.    30.    -5.   17.7   5.73
  72  205818  20.972  -209.    34.    -4.   18.0   5.80
  72  205833  20.976  -210.    45.    -4.   17.3   5.80
  72  205850  20.981  -206.    38.     0.   17.8   5.79
  72  205906  20.985  -198.    34.    -2.   16.5   5.81
  72  205922  20.989  -197.    34.    13.   16.4   5.79
  72  205938  20.994  -201.    31.     5.   17.1   5.79
  72  205954  20.998  -204.    35.     5.   16.0   5.78
  72  210009  21.003  -213.    50.     4.   17.0   5.79
  72  210025  21.007  -209.    47.     5.   17.0   5.78
  72  210042  21.012  -209.    43.     1.   17.2   5.80
  72  210058  21.016  -207.    38.     4.   17.5   5.80
  72  210114  21.021  -203.    39.     3.   18.1   5.80
  72  210129  21.025  -209.    52.    -3.   15.9   5.81
  72  210145  21.029  -198.    30.   -13.   15.8   5.80
  72  210201  21.034  -196.    42.    -9.   17.2   5.80
  72  210218  21.038  -203.    34.   -15.   15.8   5.82
  72  210234  21.043  -195.    28.   -21.   15.8   5.79
  72  210250  21.047  -198.    32.   -11.   16.7   5.79
  72  210305  21.052  -200.    42.     2.   16.1   5.81
  72  210321  21.056  -197.    37.    -6.   16.7   5.80
  72  210337  21.061  -203.    43.     8.   17.1   5.79
  72  210353  21.065  -202.    35.    -5.   16.6   5.77
  72  210410  21.069  -202.    37.    -5.   15.5   5.79
  72  210426  21.074  -199.    44.    -1.   16.4   5.81
  72  210441  21.078  -203.    24.    -9.   15.9   5.78
  72  210457  21.083  -207.    26.   -11.   16.2   5.77
  72  210513  21.087  -215.    42.    16.   17.1   5.78
  72  210529  21.092  -218.    47.    -3.   15.0   5.76
  72  210546  21.096  -200.    45.   -18.   15.1   5.77
  72  210601  21.101  -202.    31.   -11.   15.6   5.80
  72  210617  21.105  -215.    28.   -13.   17.2   5.76
  72  210633  21.109  -211.    18.   -14.   17.7   5.77
  72  210649  21.114  -208.    61.     5.   15.5   5.78
  72  210705  21.118  -214.    53.     0.   16.9   5.79
  72  210721  21.123  -215.    41.    -7.   16.9   5.78
  72  210737  21.127  -211.    33.    -3.   17.6   5.78
  72  210753  21.132  -214.    51.     7.   16.6   5.77
  72  210809  21.136  -228.    49.    32.   16.8   5.76
  72  210841  21.145  -199.    26.   -16.   18.4   5.76
  72  210857  21.149  -202.    24.    -5.   19.0   5.75
  72  210913  21.154  -201.    22.    -7.   18.8   5.73
  72  210929  21.158  -195.    24.   -16.   18.8   5.72
  72  210945  21.163  -189.    26.    -9.   18.1   5.76
  72  211001  21.167  -201.    18.   -12.   18.7   5.71
  72  211017  21.172  -202.    27.   -10.   18.7   5.72
  72  211049  21.180  -209.    33.   -15.   17.9   5.73
  72  211105  21.185  -211.    32.   -17.   17.5   5.74
  72  211121  21.189  -204.    35.   -16.   17.4   5.74
  72  211137  21.194  -208.    40.    -2.   16.2   5.72
  72  211153  21.198  -189.    44.   -31.   17.6   5.75
  72  211209  21.203  -207.    40.    16.   18.5   5.75
  72  211225  21.207  -209.    26.   -16.   19.3   5.74
  72  211241  21.212  -209.    40.   -15.   18.4   5.75
  72  211313  21.220  -198.    36.   -26.   17.9   5.74
  72  211329  21.225  -205.    30.   -21.   18.4   5.75
  72  211345  21.229  -203.    22.   -23.   17.7   5.71
  72  211401  21.234  -199.    20.   -19.   19.8   5.72
  72  211417  21.238  -206.    32.   -17.   17.8   5.71
  72  211433  21.243  -204.    30.   -18.   18.3   5.71
  72  211449  21.247  -212.    34.    -1.   17.9   5.71
  72  211505  21.252  -202.    32.     6.   18.4   5.72
  72  211537  21.260  -197.    26.    -6.   18.4   5.73
  72  211553  21.265  -198.    20.   -10.   18.2   5.72
  72  211609  21.269  -201.    15.    -9.   18.2   5.72
  72  211625  21.274  -187.    28.   -28.   17.2   5.73
  72  211641  21.278  -193.    40.   -20.   17.4   5.75
  72  211657  21.283  -198.    36.    -1.   17.9   5.76
  72  211713  21.287  -196.    30.   -21.   17.9   5.73
  72  211729  21.292  -198.    21.   -23.   17.8   5.71
  72  211745  21.296  -194.    29.   -19.   17.6   5.73
  72  211801  21.300  -204.    25.    -6.   18.6   5.74
  72  211817  21.305  -209.    23.    -4.   19.3   5.72
  72  211849  21.314  -191.    33.   -17.   16.5   5.73
  72  211905  21.318  -186.    24.   -24.   17.2   5.73
  72  211921  21.323  -190.    15.   -21.   17.3   5.69
  72  211937  21.327  -193.     6.   -12.   18.6   5.70
  72  212009  21.336  -192.    34.   -40.   16.7   5.72
  72  212025  21.340  -195.    31.   -37.   17.7   5.70
  72  212041  21.345  -199.    11.   -30.   18.3   5.70
  72  212057  21.349  -192.    23.   -40.   17.4   5.66
  72  212113  21.354  -199.    29.   -33.   16.4   5.66
  72  212129  21.358  -196.    36.   -22.   15.6   5.64
  72  212145  21.363  -194.    33.   -22.   16.3   5.66
  72  212201  21.367  -193.    41.   -26.   16.1   5.65
  72  212217  21.371  -190.    31.   -23.   16.5   5.65
  72  212233  21.376  -191.    33.   -24.   15.9   5.62
  72  212249  21.380  -184.    34.   -37.   13.8   5.63
  72  212305  21.385  -190.    31.   -31.   13.3   5.60
  72  212321  21.389  -197.    34.   -31.   15.1   5.62
  72  212337  21.394  -195.    34.   -29.   14.5   5.59
  72  212353  21.398  -196.    39.   -30.   13.9   5.59
  72  212409  21.403  -196.    32.   -24.   12.1   5.61
  72  212425  21.407  -195.    28.   -29.   13.0   5.61
  72  212441  21.411  -200.    26.   -31.   14.8   5.60
  72  212457  21.416  -192.    30.   -31.   14.6   5.62
  72  212513  21.420  -192.    36.   -31.   13.5   5.62
  72  212529  21.425  -196.    30.   -35.   13.6   5.59
  72  212545  21.429  -189.    32.   -37.   13.7   5.58
  72  212601  21.434  -189.    29.   -35.   12.9   5.58
  72  212617  21.438  -193.    26.   -32.   14.3   5.61
  72  212633  21.443  -197.    38.   -23.   13.1   5.61
  72  212649  21.447  -190.    31.   -34.   13.1   5.62
  72  212705  21.451  -207.    30.   -25.   13.4   5.61
  72  212721  21.456  -204.    38.   -20.   13.4   5.63
  72  212737  21.460  -203.    34.   -19.   12.2   5.61
  72  212753  21.465  -210.    38.   -13.   13.5   5.64
  72  212825  21.474  -204.    32.   -25.   14.4   5.61
  72  212841  21.478  -205.    35.   -23.   13.6   5.62
  72  212857  21.483  -201.    31.   -23.   13.7   5.62
  72  212913  21.487  -206.    36.   -26.   14.4   5.65
  72  212929  21.491  -202.    32.   -21.   14.7   5.62
  72  212945  21.496  -204.    34.   -20.   13.3   5.63
  72  213000  21.500  -202.    32.   -18.   13.8   5.63
  72  213017  21.505  -200.    33.   -21.   13.0   5.64
  72  213033  21.509  -204.    25.   -14.   13.9   5.62
  72  213049  21.514  -197.    30.   -12.   13.8   5.62
  72  213105  21.518  -197.    36.    -8.   14.2   5.64
  72  213121  21.523  -191.    28.    -7.   14.3   5.62
  72  213136  21.527  -193.    22.    -6.   14.8   5.61
  72  213152  21.531  -190.    25.    -5.   14.0   5.63
  72  213209  21.536  -187.    28.   -14.   14.1   5.62
  72  213225  21.540  -185.    23.   -14.   13.4   5.66
  72  213241  21.545  -186.    22.    -5.   14.2   5.68
  72  213257  21.549  -192.    19.    -6.   14.9   5.66
  72  213312  21.554  -181.    27.   -11.   14.3   5.68
  72  213328  21.558  -177.    19.   -13.   14.2   5.70
  72  213345  21.563  -184.    20.   -17.   14.1   5.70
  72  213401  21.567  -184.    19.   -10.   14.0   5.69
  72  213417  21.571  -192.    22.    -6.   15.1   5.68
  72  213432  21.576  -186.    23.   -12.   15.6   5.69
  72  213504  21.585  -185.    25.   -20.   14.7   5.67
  72  213520  21.589  -182.    13.   -13.   15.3   5.66
  72  213537  21.594  -189.    16.   -16.   15.6   5.69
  72  213553  21.598  -185.    28.    -5.   16.0   5.66
  72  213608  21.602  -181.    29.   -14.   15.6   5.68
  72  213624  21.607  -181.    30.   -17.   15.4   5.66
  72  213656  21.616  -178.    21.   -14.   13.7   5.68
  72  213713  21.620  -180.    19.   -14.   15.6   5.65
  72  213729  21.625  -184.    29.   -21.   15.4   5.65
  72  213744  21.629  -181.    30.    -7.   14.2   5.63
  72  213800  21.634  -185.    25.   -13.   14.1   5.63
  72  213816  21.638  -188.    22.   -20.   14.3   5.62
  72  213832  21.642  -185.    27.   -11.   13.4   5.63
  72  213848  21.647  -189.    18.   -16.   14.6   5.63
  72  213904  21.651  -186.    23.   -15.   14.1   5.64
  72  213920  21.656  -182.    16.   -23.   14.1   5.66
  72  213936  21.660  -180.    21.   -14.   13.3   5.66
  72  213952  21.665  -180.    26.    -3.   13.8   5.65
  72  214008  21.669  -184.    22.    -9.   14.8   5.62
  72  214024  21.674  -185.    22.   -14.   14.5   5.62
  72  214040  21.678  -188.    25.   -15.   15.2   5.64
  72  214056  21.682  -190.    23.    -9.   14.4   5.64
  72  214112  21.687  -187.    21.    -7.   14.4   5.64
  72  214128  21.691  -187.    18.     0.   14.3   5.63
  72  214144  21.696  -186.    16.     0.   14.6   5.62
  72  214200  21.700  -185.    24.     0.   13.7   5.61
  72  214216  21.705  -188.    25.    -5.   14.1   5.61
  72  214232  21.709  -185.    26.     1.   13.4   5.61
  72  214248  21.714  -185.    32.     6.   13.8   5.61
  72  214304  21.718  -185.    31.    -2.   13.8   5.60
  72  214320  21.722  -190.    34.    -8.   13.9   5.62
  72  214336  21.727  -187.    28.   -12.   14.2   5.63
  72  214352  21.731  -186.    29.   -10.   13.8   5.61
  72  214408  21.736  -190.    26.    -2.   13.5   5.62
  72  214424  21.740  -189.    26.     2.   13.8   5.64
  72  214440  21.745  -187.    24.     2.   14.4   5.64
  72  214456  21.749  -182.    27.     5.   13.5   5.61
  72  214512  21.754  -185.    13.     9.   13.4   5.61
  72  214528  21.758  -181.    18.    10.   13.9   5.62
  72  214544  21.762  -186.    16.     8.   13.3   5.63
  72  214600  21.767  -179.    17.    -8.   12.6   5.65
  72  214616  21.771  -182.    34.    17.   10.3   5.66
  72  214632  21.776  -183.    19.     9.   12.8   5.66
  72  214648  21.780  -179.    17.    18.   14.7   5.66
  72  214704  21.785  -183.    17.    18.   13.7   5.68
  72  214720  21.789  -186.    21.    14.   13.7   5.68
  72  214736  21.793  -190.    26.     8.   13.4   5.70
  72  214752  21.798  -185.    23.     7.   13.2   5.69
  72  214808  21.802  -190.    26.     2.   13.8   5.70
  72  214824  21.807  -189.    26.     5.   12.9   5.70
  72  214840  21.811  -186.    18.     4.   12.6   5.71
  72  214856  21.816  -188.    15.     1.   13.8   5.69
  72  214912  21.820  -192.    15.    -3.   13.2   5.70
  72  214928  21.825  -186.    15.     3.   13.9   5.70
  72  215000  21.833  -182.    22.    11.   12.1   5.73
  72  215016  21.838  -186.    24.     6.   12.9   5.71
  72  215032  21.842  -177.    27.     2.   14.0   5.75
  72  215048  21.847  -182.    24.    13.   12.4   5.68
  72  215120  21.856  -185.    36.    13.   12.2   5.73
  72  215136  21.860  -176.    30.     8.   13.9   5.75
  72  215152  21.865  -175.    35.    13.   13.4   5.74
  72  215208  21.869  -174.    25.     9.   13.4   5.73
  72  215256  21.882  -162.    25.     1.   13.3   5.74
  72  215312  21.887  -161.    28.    10.   12.3   5.74
  72  215328  21.891  -159.    32.     1.   12.1   5.72
  72  215344  21.896  -164.    21.     4.   12.6   5.74
  72  215400  21.900  -163.    26.    19.   12.6   5.78
  72  215416  21.905  -165.    20.    12.   13.3   5.77
  72  215432  21.909  -168.    20.     8.   13.0   5.77
  72  215448  21.913  -162.    17.     3.   12.6   5.78
  72  215504  21.918  -172.    23.     9.   13.0   5.79
  72  215520  21.922  -170.    17.    -3.   13.2   5.80
  72  215536  21.927  -162.    23.    -9.   12.0   5.80
  72  215552  21.931  -166.    23.    -8.   12.2   5.79
  72  215608  21.936  -171.    21.    -1.   12.0   5.79
  72  215624  21.940  -165.    11.    10.   12.3   5.75
  72  215640  21.945  -168.    13.    -8.   12.1   5.78
  72  215656  21.949  -164.    24.    -9.   13.1   5.80
  72  215712  21.953  -158.    26.    -9.   12.6   5.82
  72  215728  21.958  -157.    25.   -17.   12.9   5.81
  72  215744  21.962  -158.    23.   -14.   13.2   5.81
  72  215800  21.967  -156.    25.   -19.   13.1   5.81
  72  215816  21.971  -156.    21.   -26.   12.6   5.81
  72  215832  21.976  -156.    22.   -25.   13.1   5.81
  72  215848  21.980  -159.    24.   -22.   12.9   5.81
  72  215904  21.984  -159.    24.   -21.   12.4   5.80
  72  215920  21.989  -156.    22.   -22.   13.4   5.83
  72  215936  21.993  -151.    22.   -17.   12.0   5.80
  72  215952  21.998  -153.    22.   -23.   11.8   5.80
  72  220008  22.002  -147.    21.   -27.   12.3   5.80
  72  220024  22.007  -148.    23.   -25.   12.3   5.82
  72  220040  22.011  -148.    22.   -22.   12.6   5.83
  72  220056  22.016  -148.    19.   -27.   13.0   5.81
  72  220112  22.020  -148.    24.   -21.   12.2   5.82
  72  220127  22.024  -144.    17.   -18.   13.2   5.81
  72  220144  22.029  -147.    20.   -13.   12.3   5.80
  72  220200  22.033  -150.    18.   -15.   13.0   5.81
  72  220216  22.038  -149.    27.    -4.   12.9   5.82
  72  220232  22.042  -147.    27.   -14.   12.9   5.81
  72  220248  22.047  -149.    23.   -20.   13.1   5.81
  72  220303  22.051  -148.    23.   -23.   12.4   5.81
  72  220319  22.056  -145.    23.   -26.   12.6   5.81
  72  220336  22.060  -147.    21.   -19.   12.8   5.83
  72  220352  22.064  -148.    26.   -15.   12.4   5.82
  72  220408  22.069  -144.    23.   -18.   12.6   5.83
  72  220424  22.073  -147.    23.   -19.   12.7   5.84
  72  220439  22.078  -142.    23.   -24.   13.9   5.84
  72  220455  22.082  -143.    23.   -26.   14.5   5.84
  72  220512  22.087  -141.    27.   -26.   14.3   5.84
  72  220528  22.091  -141.    28.   -32.   14.8   5.87
  72  220544  22.096  -140.    27.   -34.   13.6   5.83
  72  220559  22.100  -140.    27.   -27.   14.6   5.84
  72  220615  22.104  -140.    32.   -25.   13.6   5.86
  72  220631  22.109  -138.    26.   -31.   14.4   5.85
  72  220647  22.113  -142.    28.   -28.   12.7   5.84
  72  220704  22.118  -142.    29.   -27.   13.8   5.84
  72  220720  22.122  -140.    27.   -27.   13.6   5.84
  72  220735  22.127  -141.    27.   -20.   13.5   5.83
  72  220751  22.131  -141.    28.   -21.   13.4   5.83
  72  220807  22.136  -142.    31.   -19.   13.1   5.82
  72  220823  22.140  -145.    26.   -22.   13.6   5.82
  72  220840  22.144  -146.    23.   -20.   13.6   5.81
  72  220856  22.149  -145.    29.   -16.   14.0   5.83
  72  220911  22.153  -145.    27.   -13.   14.0   5.82
  72  220927  22.158  -143.    27.   -19.   13.5   5.80
  72  220943  22.162  -145.    26.   -17.   13.4   5.80
  72  220959  22.167  -146.    28.   -19.   14.4   5.81
  72  221015  22.171  -144.    24.   -12.   14.3   5.82
  72  221031  22.176  -148.    29.    -6.   13.6   5.81
  72  221047  22.180  -145.    24.   -12.   13.4   5.82
  72  221103  22.184  -145.    23.   -11.   14.4   5.82
  72  221119  22.189  -143.    23.   -10.   13.3   5.81
  72  221135  22.193  -142.    24.    -8.   13.6   5.81
  72  221151  22.198  -142.    25.    -7.   14.4   5.83
  72  221207  22.202  -145.    26.    -3.   13.3   5.83
  72  221223  22.207  -148.    24.    -6.   14.3   5.82
  72  221239  22.211  -144.    29.    -3.   14.3   5.85
  72  221255  22.215  -149.    30.    -8.   14.4   5.86
  72  221311  22.220  -151.    27.   -11.   14.5   5.86
  72  221327  22.224  -148.    26.    -2.   13.2   5.84
  72  221343  22.229  -144.    28.    -6.   13.8   5.86
  72  221359  22.233  -148.    27.    -8.   14.4   5.85
  72  221415  22.238  -146.    29.    -9.   14.3   5.85
  72  221431  22.242  -141.    27.   -14.   13.7   5.85
  72  221447  22.247  -141.    26.   -13.   14.8   5.86
  72  221503  22.251  -142.    27.   -12.   13.3   5.86
  72  221519  22.255  -142.    30.   -14.   13.3   5.86
  72  221535  22.260  -140.    28.   -20.   13.1   5.85
  72  221551  22.264  -136.    30.   -23.   13.5   5.87
  72  221607  22.269  -139.    27.   -23.   13.6   5.85
  72  221623  22.273  -139.    30.   -19.   13.6   5.86
  72  221639  22.278  -139.    24.   -29.   12.4   5.84
  72  221655  22.282  -130.    22.   -25.   13.1   5.85
  72  221711  22.287  -139.    24.   -20.   13.3   5.86
  72  221727  22.291  -139.    25.   -24.   12.8   5.86
  72  221743  22.295  -141.    24.   -22.   12.8   5.86
  72  221759  22.300  -138.    25.   -22.   13.3   5.85
  72  221815  22.304  -138.    23.   -20.   13.4   5.84
  72  221831  22.309  -142.    21.   -18.   12.7   5.85
  72  221847  22.313  -143.    22.   -17.   13.2   5.86
  72  221903  22.318  -142.    21.   -18.   13.0   5.84
  72  221919  22.322  -143.    23.   -19.   13.4   5.84
  72  221935  22.327  -140.    22.   -18.   13.7   5.85
  72  221951  22.331  -141.    26.   -21.   13.3   5.85
  72  222007  22.335  -140.    22.   -18.   13.0   5.85
  72  222023  22.340  -138.    22.   -18.   13.5   5.85
  72  222039  22.344  -140.    23.   -18.   14.1   5.84
  72  222055  22.349  -138.    23.   -13.   13.5   5.84
  72  222111  22.353  -139.    27.   -14.   13.6   5.84
  72  222127  22.358  -139.    28.   -11.   14.6   5.85
  72  222143  22.362  -139.    28.    -7.   13.4   5.83
  72  222159  22.367  -144.    29.   -12.   13.5   5.82
  72  222215  22.371  -142.    28.   -11.   13.5   5.82
  72  222231  22.375  -137.    22.   -11.   13.9   5.81
  72  222247  22.380  -143.    26.   -11.   13.2   5.82
  72  222303  22.384  -138.    21.   -12.   13.4   5.80
  72  222319  22.389  -140.    23.    -9.   13.0   5.80
  72  222335  22.393  -141.    23.    -4.   13.3   5.81
  72  222351  22.398  -140.    21.    -2.   13.8   5.82
  72  222407  22.402  -140.    23.    -6.   14.0   5.81
  72  222423  22.407  -135.    30.     7.   13.2   5.80
  72  222439  22.411  -139.    31.     2.   13.1   5.77
  72  222455  22.415  -142.    28.     5.   13.6   5.80
  72  222511  22.420  -139.    26.   -11.   12.6   5.82
  72  222527  22.424  -145.    23.    -8.   12.8   5.82
  72  222543  22.429  -143.    27.   -11.   12.7   5.83
  72  222559  22.433  -149.    21.   -10.   13.0   5.82
  72  222615  22.438  -149.    17.    -8.   13.5   5.81
  72  222631  22.442  -145.    25.    -6.   13.3   5.82
  72  222647  22.446  -142.    29.     8.   13.3   5.80
  72  222703  22.451  -140.    24.     4.   14.2   5.82
  72  222719  22.455  -139.    27.     4.   13.5   5.80
  72  222735  22.460  -138.    22.     4.   13.8   5.79
  72  222751  22.464  -140.    24.     7.   13.0   5.79
  72  222807  22.469  -139.    22.     3.   13.0   5.80
  72  222823  22.473  -139.    17.    -2.   13.0   5.80
  72  222839  22.478  -138.    17.    -4.   12.4   5.81
  72  222855  22.482  -139.    18.    -8.   12.7   5.79
  72  222911  22.486  -137.    20.    -7.   12.5   5.80
  72  222927  22.491  -137.    20.    -6.   12.4   5.82
  72  222943  22.495  -135.    21.    -5.   12.0   5.79
  72  222959  22.500  -134.    19.    -1.   11.7   5.79
  72  223015  22.504  -134.    17.    -6.   11.0   5.79
  72  223031  22.509  -134.    21.   -14.   11.1   5.80
  72  223047  22.513  -135.    21.    -7.   12.3   5.82
  72  223103  22.518  -136.    20.    -1.   12.5   5.83
  72  223119  22.522  -137.    17.    -2.   11.1   5.79
  72  223135  22.526  -133.    17.     0.   12.0   5.80
  72  223151  22.531  -138.    19.    -9.   11.5   5.77
  72  223207  22.535  -136.    20.    -7.   12.1   5.82
  72  223223  22.540  -136.    15.    -6.   11.7   5.80
  72  223239  22.544  -134.    20.    -9.   12.0   5.79
  72  223255  22.549  -135.    18.   -11.   11.5   5.80
  72  223311  22.553  -138.    23.    -8.   12.3   5.81
  72  223327  22.558  -135.    27.    -5.   12.1   5.80
  72  223343  22.562  -136.    21.    -8.   12.1   5.79
  72  223359  22.566  -139.    23.    -8.   11.5   5.79
  72  223415  22.571  -141.    19.    -5.   11.9   5.79
  72  223430  22.575  -140.    18.    -7.   11.9   5.80
  72  223447  22.580  -140.    24.    -4.   13.4   5.80
  72  223503  22.584  -136.    24.   -11.   12.3   5.83
  72  223519  22.589  -138.    23.    -8.   12.0   5.81
  72  223535  22.593  -130.    22.    -3.   12.8   5.81
  72  223551  22.598  -133.    24.     0.   12.9   5.82
  72  223606  22.602  -128.    23.    -4.   12.4   5.82
  72  223622  22.606  -129.    25.    -4.   11.8   5.83
  72  223639  22.611  -131.    26.    -5.   11.6   5.83
  72  223655  22.615  -133.    19.    -5.   12.1   5.81
  72  223711  22.620  -132.    20.    -7.   11.3   5.81
  72  223727  22.624  -127.    23.    -9.   11.1   5.82
  72  223742  22.629  -130.    23.    -7.   12.2   5.83
  72  223758  22.633  -130.    25.    -5.   12.1   5.83
  72  223815  22.638  -132.    23.    -7.   11.0   5.83
  72  223847  22.646  -129.    25.    -6.   11.8   5.82
  72  223902  22.651  -129.    21.    -3.   11.1   5.84
  72  223918  22.655  -136.    26.   -12.   10.8   5.83
  72  223934  22.660  -138.    22.   -11.   10.9   5.85
  72  223950  22.664  -135.    26.   -13.   10.6   5.83
  72  224007  22.669  -133.    27.   -10.   11.0   5.83
  72  224023  22.673  -126.    30.   -14.   10.5   5.84
  72  224038  22.677  -127.    29.    -8.   10.4   5.85
  72  224054  22.682  -121.    28.    -4.   11.3   5.87
  72  224110  22.686  -129.    31.     2.   10.3   5.83
  72  224126  22.691  -131.    24.    -4.   10.1   5.84
  72  224143  22.695  -134.    25.     0.    9.6   5.82
  72  224159  22.700  -129.    28.    -2.    9.5   5.84
  72  224214  22.704  -127.    27.    -4.    9.0   5.83
  72  224230  22.709  -126.    23.    -4.    9.8   5.85
  72  224246  22.713  -129.    26.    -2.    8.9   5.84
  72  224302  22.717  -137.    23.    -7.    8.8   5.81
  72  224318  22.722  -137.    28.    -6.    9.5   5.83
  72  224334  22.726  -130.    28.    -9.    9.5   5.84
  72  224350  22.731  -128.    26.    -9.    9.2   5.84
  72  224406  22.735  -120.    36.    -5.    9.6   5.88
  72  224422  22.740  -127.    28.     6.    9.7   5.86
  72  224438  22.744  -129.    31.    -1.    9.1   5.84
  72  224454  22.749  -127.    26.     0.    9.0   5.83
  72  224510  22.753  -127.    21.     4.    8.6   5.81
  72  224526  22.757  -117.    24.     0.    8.7   5.84
  72  224542  22.762  -114.    27.     1.    9.4   5.83
  72  224558  22.766  -116.    28.     0.    9.0   5.85
  72  224614  22.771  -116.    25.    -4.    9.6   5.84
  72  224630  22.775  -118.    26.    -3.    9.2   5.81
  72  224646  22.780  -126.    24.    -1.    9.2   5.83
  72  224702  22.784  -115.    23.   -11.    9.8   5.85
  72  224718  22.789  -120.    25.    -1.    9.5   5.80
  72  224734  22.793  -116.    31.    -1.    8.7   5.81
  72  224750  22.797  -115.    28.    -4.    8.9   5.82
  72  224806  22.802  -117.    26.     0.    9.3   5.83
  72  224822  22.806  -120.    27.     0.    9.0   5.83
  72  224838  22.811  -114.    27.     3.    9.7   5.86
  72  224854  22.815  -110.    27.     6.    9.8   5.87
  72  224910  22.820  -120.    28.     5.    9.5   5.83
  72  224926  22.824  -122.    27.     0.    9.2   5.82
  72  224942  22.829  -121.    26.     2.    9.2   5.82
  72  224958  22.833  -119.    28.     3.    9.1   5.87
  72  225014  22.837  -118.    25.    -2.    9.2   5.82
  72  225030  22.842  -114.    25.    -2.    9.0   5.84
  72  225046  22.846  -116.    24.     7.    9.4   5.86
  72  225102  22.851  -118.    24.     6.    8.9   5.83
  72  225118  22.855  -111.    29.    10.    9.5   5.85
  72  225134  22.860  -109.    27.     6.    9.9   5.86
  72  225150  22.864  -105.    28.     5.    9.6   5.86
  72  225206  22.869  -107.    31.     7.    9.5   5.87
  72  225222  22.873  -107.    30.     9.    9.4   5.83
  72  225238  22.877  -116.    30.     1.    8.6   5.83
  72  225254  22.882  -111.    29.     8.   10.0   5.83
  72  225310  22.886  -112.    28.     5.    8.8   5.83
  72  225326  22.891  -109.    28.     1.    9.2   5.85
  72  225342  22.895  -107.    27.    -2.    9.3   5.85
  72  225358  22.900  -113.    26.     1.    9.7   5.82
  72  225414  22.904  -103.    30.    -7.    9.5   5.85
  72  225430  22.908  -102.    28.     1.    9.9   5.84
  72  225446  22.913   -99.    30.    -2.    9.9   5.85
  72  225502  22.917  -104.    24.     3.   10.3   5.86
  72  225518  22.922  -104.    27.    -1.   10.2   5.85
  72  225534  22.926  -109.    28.     1.    9.4   5.86
  72  225550  22.931  -101.    36.     0.    9.6   5.87
  72  225606  22.935  -110.    28.    -5.    9.8   5.83
  72  225622  22.940  -107.    28.     3.   10.0   5.83
  72  225638  22.944  -105.    24.     3.   10.6   5.82
  72  225654  22.948   -98.    26.     8.   10.8   5.84
  72  225710  22.953   -96.    26.     8.   11.5   5.84
  72  225726  22.957  -102.    23.     3.   10.4   5.82
  72  225742  22.962  -102.    26.     4.    9.7   5.82
  72  225758  22.966  -104.    24.     6.   10.6   5.84
  72  225814  22.971  -102.    25.     6.   10.6   5.85
  72  225830  22.975  -105.    28.     0.    9.8   5.86
  72  225846  22.980  -109.    25.     0.   10.0   5.85
  72  225902  22.984   -97.    29.     5.   10.3   5.85
  72  225918  22.988  -103.    29.     8.   10.4   5.87
  72  225934  22.993  -100.    26.     2.   10.0   5.83
  72  225950  22.997  -104.    26.     1.    9.7   5.86
  72  230006  23.002  -104.    26.     2.   10.5   5.85
  72  230022  23.006  -104.    24.     3.   10.6   5.85
  72  230038  23.011  -100.    29.     1.   10.3   5.87
  72  230054  23.015  -101.    26.    -4.   10.4   5.86
  72  230110  23.020  -101.    27.    -4.   10.3   5.86
  72  230126  23.024  -101.    26.    -3.   10.1   5.85
  72  230142  23.028  -104.    25.     2.    9.5   5.83
  72  230158  23.033  -103.    22.     1.    9.6   5.82
  72  230214  23.037   -98.    23.    -4.   10.2   5.86
  72  230230  23.042  -102.    22.    -9.    9.5   5.82
  72  230246  23.046   -93.    23.     1.   11.4   5.83
  72  230302  23.051   -91.    22.     1.   10.8   5.85
  72  230318  23.055   -92.    23.    -3.   10.8   5.86
  72  230334  23.059   -89.    23.     2.   11.0   5.84
  72  230350  23.064   -93.    24.     5.   10.7   5.83
  72  230406  23.068   -88.    22.     3.   11.6   5.84
  72  230422  23.073   -91.    22.     4.   11.8   5.86
  72  230438  23.077   -88.    23.     2.   10.4   5.83
  72  230454  23.082   -87.    27.     7.   10.3   5.81
  72  230510  23.086   -90.    24.     3.   11.0   5.84
  72  230526  23.091   -82.    24.    10.   11.4   5.83
  72  230542  23.095   -85.    25.     8.   10.6   5.86
  72  230557  23.099   -81.    23.     6.   11.6   5.84
  72  230614  23.104   -87.    24.     3.   11.0   5.84
  72  230630  23.108   -85.    22.     0.   11.0   5.85
  72  230646  23.113   -92.    23.    -5.   10.6   5.85
  72  230702  23.117   -91.    23.     2.   10.8   5.86
  72  230718  23.122   -87.    21.    -2.   10.0   5.85
  72  230733  23.126   -80.    22.    -1.   10.7   5.87
  72  230750  23.131   -75.    25.    10.   11.2   5.87
  72  230806  23.135   -74.    27.     9.   10.6   5.86
  72  230838  23.144   -74.    28.    16.   10.4   5.88
  72  230854  23.148   -87.    28.    17.    8.9   5.85
  72  230909  23.153   -92.    23.     6.   10.4   5.88
  72  230925  23.157   -88.    28.     3.   10.3   5.86
  72  230942  23.162   -97.    28.     9.    9.1   5.84
  72  230958  23.166   -98.    25.     3.    8.9   5.85
  72  231014  23.171   -95.    30.    13.   10.4   5.86
  72  231029  23.175   -90.    32.    11.    8.4   5.86
  72  231045  23.179   -88.    26.     9.    9.6   5.85
  72  231101  23.184   -92.    27.    11.    9.0   5.83
  72  231118  23.188   -86.    29.    10.    9.2   5.85
  72  231134  23.193   -92.    27.    13.    8.9   5.81
  72  231150  23.197   -92.    27.     9.    9.2   5.85
  72  231205  23.202   -92.    26.    22.    8.4   5.83
  72  231221  23.206   -95.    25.    15.    9.2   5.83
  72  231237  23.211   -91.    24.     8.   10.1   5.85
  72  231253  23.215   -89.    24.     2.    9.6   5.86
  72  231310  23.219   -85.    25.     6.    9.2   5.85
  72  231326  23.224   -92.    22.    10.    9.5   5.85
  72  231341  23.228   -85.    28.    11.   10.1   5.86
  72  231357  23.233   -86.    28.    14.    9.5   5.87
  72  231413  23.237   -91.    25.     6.    9.4   5.85
  72  231429  23.242   -95.    22.    11.    8.8   5.85
  72  231446  23.246   -89.    26.    19.    8.4   5.85
  72  231501  23.251   -81.    27.    14.    8.1   5.87
  72  231517  23.255   -87.    24.    14.    8.5   5.88
  72  231533  23.259   -86.    29.    13.    8.4   5.87
  72  231549  23.264   -85.    26.     7.    8.2   5.86
  72  231605  23.268   -84.    25.     3.    9.1   5.88
  72  231621  23.273   -85.    26.     7.    8.6   5.84
  72  231637  23.277   -87.    26.    11.    9.2   5.85
  72  231653  23.282   -84.    26.    10.    8.8   5.85
  72  231709  23.286   -92.    25.     8.    7.9   5.86
  72  231725  23.290   -85.    32.    12.    8.7   5.89
  72  231741  23.295   -97.    27.    13.    7.8   5.87
  72  231757  23.299   -89.    33.    10.    8.0   5.88
  72  231813  23.304   -92.    25.    18.    8.1   5.85
  72  231829  23.308   -86.    27.    18.    7.9   5.86
  72  231845  23.313   -81.    32.     3.    8.9   5.89
  72  231901  23.317   -72.    30.    -9.    9.5   5.89
  72  231917  23.322   -88.    27.    10.    7.5   5.87
  72  231933  23.326   -85.    26.    18.    6.9   5.82
  72  231949  23.330   -72.    31.    12.    7.7   5.87
  72  232005  23.335   -67.    28.   -11.    8.6   5.85
  72  232021  23.339   -63.    22.   -16.    9.3   5.87
  72  232037  23.344   -62.    22.   -17.    9.2   5.86
  72  232053  23.348   -64.    24.   -16.    8.7   5.86
  72  232109  23.353   -62.    22.   -12.    9.4   5.85
  72  232125  23.357   -63.    22.   -16.    8.7   5.85
  72  232141  23.362   -65.    19.   -14.    7.9   5.83
  72  232157  23.366   -63.    22.   -18.    7.2   5.79
  72  232213  23.370   -62.    21.   -20.    6.6   5.81
  72  232245  23.379   -62.    20.   -17.    6.9   5.82
  72  232301  23.384   -64.    19.   -20.    7.3   5.79
  72  232317  23.388   -62.    20.   -19.    6.6   5.81
  72  232333  23.393   -62.    18.   -19.    7.2   5.81
  72  232349  23.397   -58.    19.   -22.    6.7   5.81
  72  232405  23.402   -61.    20.   -19.    7.1   5.81
  72  232421  23.406   -61.    20.   -20.    7.0   5.80
  72  232437  23.410   -57.    23.   -19.    7.2   5.77
  72  232453  23.415   -64.    20.   -22.    6.8   5.80
  72  232509  23.419   -60.    21.   -21.    7.2   5.83
  72  232525  23.424   -58.    19.   -17.    7.6   5.83
  72  232541  23.428   -57.    23.   -16.    8.0   5.82
  72  232557  23.433   -59.    19.   -19.    7.3   5.83
  72  232613  23.437   -59.    21.   -22.    8.1   5.81
  72  232629  23.442   -56.    21.   -21.    7.7   5.80
  72  232645  23.446   -59.    22.   -16.    6.8   5.81
  72  232701  23.450   -58.    21.   -16.    6.8   5.82
  72  232717  23.455   -63.    20.   -11.    6.5   5.78
  72  232733  23.459   -60.    19.   -10.    6.6   5.79
  72  232749  23.464   -60.    21.    -8.    5.3   5.77
  72  232805  23.468   -63.    18.    -6.    5.6   5.77
  72  232821  23.473   -60.    21.   -10.    5.6   5.77
  72  232837  23.477   -64.    22.    -3.    6.0   5.77
  72  232853  23.482   -55.    21.    -5.    6.3   5.79
  72  232909  23.486   -61.    21.    -8.    6.3   5.77
  72  232925  23.490   -63.    19.   -22.    5.3   5.74
  72  232941  23.495   -67.    24.    -7.    5.4   5.74
  72  232957  23.499   -70.    20.    -4.    4.6   5.71
  72  233013  23.504   -70.    19.    -3.    4.1   5.69
  72  233029  23.508   -76.    17.     2.    3.1   5.64
  72  233045  23.513   -75.    18.     4.    2.8   5.67
  72  233101  23.517   -70.    17.   -10.    2.6   5.65
  72  233117  23.521   -70.    17.    -6.    3.0   5.71
  72  233133  23.526   -66.    16.   -10.    2.7   5.62
  72  233149  23.530   -64.    14.   -10.    3.2   5.71
  72  233205  23.535   -70.    17.     2.    2.5   5.67
  72  233221  23.539   -73.    17.    -1.    2.5   5.72
  72  233237  23.544   -67.    18.     0.    2.7   5.69
  72  233253  23.548   -69.    17.    -5.    2.6   5.66
  72  233309  23.553   -68.    18.    -1.    2.6   5.67
  72  233325  23.557   -68.    14.    -6.    2.2   5.64
  72  233357  23.566   -61.    17.    -8.    2.9   5.72
  72  233413  23.570   -61.    19.    -5.    3.0   5.69
  72  233429  23.575   -61.    18.   -14.    3.0   5.66
  72  233445  23.579   -63.    19.   -11.    3.2   5.65
  72  233501  23.584   -66.    18.   -12.    2.5   5.66
  72  233517  23.588   -64.    19.    -6.    2.8   5.65
  72  233533  23.593   -65.    22.    -5.    3.0   5.64
  72  233549  23.597   -64.    16.   -12.    2.7   5.68
  72  233605  23.601   -64.    22.    -5.    2.9   5.68
  72  233621  23.606   -61.    19.    -4.    2.8   5.68
  72  233637  23.610   -62.    20.    -2.    2.8   5.66
  72  233653  23.615   -63.    19.     1.    2.9   5.64
  72  233709  23.619   -65.    15.    -5.    3.2   5.62
  72  233725  23.624   -65.    17.     4.    3.3   5.61
  72  233741  23.628   -61.    21.    12.    3.4   5.61
  72  233757  23.633   -63.    16.     4.    3.3   5.63
  72  233813  23.637   -59.    17.     9.    4.2   5.58
  72  233829  23.641   -57.    15.     4.    4.2   5.60
  72  233845  23.646   -60.    18.     0.    3.5   5.65
  72  233901  23.650   -55.    17.     5.    4.2   5.61
  72  233917  23.655   -51.    15.    -1.    4.2   5.62
  72  233933  23.659   -56.    16.    -1.    4.0   5.63
  72  233949  23.664   -63.    16.     0.    3.8   5.63
  72  234005  23.668   -55.    17.    -3.    4.4   5.58
  72  234021  23.673   -56.    17.     1.    4.0   5.66
  72  234036  23.677   -51.    16.    -2.    4.9   5.69
  72  234053  23.681   -55.    17.    -2.    4.2   5.67
  72  234109  23.686   -63.    18.     4.    3.5   5.58
  72  234125  23.690   -67.    18.     5.    2.4   5.59
  72  234141  23.695   -67.    14.    -8.    2.5   5.53
  72  234157  23.699   -62.    15.    -6.    2.4   5.53
  72  234212  23.704   -63.    16.     2.    1.9   5.56
  72  234229  23.708   -64.    18.    -4.    1.9   5.55
  72  234245  23.713   -61.    19.     5.    2.2   5.54
  72  234301  23.717   -55.    20.     1.    2.3   5.54
  72  234317  23.721   -61.    16.    -2.    2.5   5.55
  72  234332  23.726   -68.    17.     1.    1.8   5.49
  72  234348  23.730   -60.    17.    -1.    2.2   5.52
  72  234404  23.735   -59.    14.    -1.    2.2   5.54
  72  234421  23.739   -60.    12.    -2.    2.4   5.46
  72  234437  23.744   -61.    15.   -10.    2.9   5.52
  72  234453  23.748   -66.    16.     0.    2.9   5.52
  72  234524  23.757   -54.    15.    -8.    3.1   5.55
  72  234540  23.761   -52.    13.   -12.    3.3   5.54
  72  234557  23.766   -53.    18.   -11.    3.0   5.58
  72  234613  23.770   -52.    13.    -7.    3.0   5.53
  72  234629  23.775   -55.    19.   -10.    3.1   5.57
  72  234644  23.779   -57.    16.    -5.    2.9   5.52
  72  234716  23.788   -44.    13.   -11.    3.6   5.53
  72  234914  23.821   -47.    18.    -7.    1.3   5.54
  72  234946  23.830   -43.    18.   -11.    1.1   5.56
  72  235018  23.839   -61.    17.     6.    0.8   5.44
  72  235050  23.847   -51.    19.    -3.    1.2   5.52
  72  235122  23.856   -49.    18.    -2.    1.2   5.47
  72  235153  23.865   -60.    20.    19.    0.7   5.49
  72  235226  23.874   -53.    21.     2.    0.4   5.44
  72  235258  23.883   -52.    17.     5.    0.5   5.41
  72  235331  23.892   -54.    18.    -1.    0.5   5.35
  72  235403  23.901   -53.    19.    -3.    0.6   5.38
  72  235435  23.910   -53.    20.   -10.    0.4   5.38
  72  235508  23.919   -50.    17.    -7.    0.6   5.41
  72  235537  23.927   -53.    15.    -6.    0.6   5.39
  72  235609  23.936   -55.    19.    -3.    0.4   5.44
  72  235641  23.945   -35.    26.    -3.    0.4   5.48
  72  235714  23.954   -45.    24.     1.    0.2   5.47
  72  235819  23.972   -19.    23.   -14.    0.3   5.39
  72  235851  23.981   -28.    29.    -3.    0.3   5.31
  72  235952  23.998   -20.    65.    13.    0.2   5.54
  73  000026   0.007   -26.    23.   -60.    0.3   5.53
  73  000058   0.016     4.    58.    -6.    0.1   5.62
